Terminal# 3
AndNode# 10
OrNode# 17
StartSymbol 29
aog.app.sequence.FollowingRelation
aog.app.sequence.SequenceCombiner
Terminals
0	0
1	1
2	2
AndNodes
3	[13 14 ][<0,1>:() ][]
4	[15 16 ][<0,1>:() ][]
5	[17 18 ][<0,1>:() ][]
6	[19 20 ][<0,1>:() ][]
7	[21 22 ][<0,1>:() ][]
8	[23 24 ][<0,1>:() ][]
9	[25 26 ][<0,1>:() ][]
10	[27 28 ][<0,1>:() ][]
11	[4 5 6 9 ][<0,3>:() <2,0>:() <3,1>:() ][]
12	[0 8 ][<0,1>:() ][]
OrNodes
13	[0 ] [5.0 ]
14	[0 ] [5.0 ]
15	[1 ] [5.0 ]
16	[1 ] [5.0 ]
17	[3 ] [5.0 ]
18	[0 ] [5.0 ]
19	[4 ] [4.0 ]
20	[1 ] [4.0 ]
21	[2 ] [3.0 ]
22	[5 ] [3.0 ]
23	[6 ] [3.0 ]
24	[7 ] [3.0 ]
25	[2 ] [2.0 ]
26	[0 ] [2.0 ]
27	[8 ] [2.0 ]
28	[9 5 ] [1.0 1.0 ]
29	[10 12 11 ] [2.0 1.0 1.0 ]
